289.4046936035156 -148.8212127685547 209.6635131835938
116.5125045776367 8.054594039916992 138.5571899414062
-3.155200242996216 8.055893898010254 137.07080078125
-12.15120029449463 -148.7145080566406 179.9486083984375
-299.5736999511719 -148.8777160644531 209.4336090087891
386.6295166015625 331.6336059570312 185.58740234375
221.2490997314453 373.393798828125 184.0097045898438
108.1094970703125 369.7653198242188 185.5702209472656
-223.2662963867188 373.393798828125 184.0097045898438
-247.268798828125 367.727783203125 502.9056396484375
234.8159027099609 367.727783203125 494.6441345214844
391.7489929199219 -38.90192413330078 523.3961181640625
-31.02270126342773 295.6838989257812 126.6927185058594
39.87860107421875 295.2471923828125 126.6927185058594
-71.23490142822266 155.9638977050781 140.1654052734375
64.93309783935547 155.9748077392578 140.1654052734375
173.0067901611328 341.3187866210938 76.91101837158203
-52.82149887084961 291.427490234375 60.93611145019531
32.01490020751953 291.23779296875 67.10171508789062
-235.1530151367188 277.8157958984375 59.73101043701172